10100110
10000101
00101100
10110011
10111111
01011101
00111110
01001010
01011111
01101001
01001001
00100100
10010001
00110110
01010001
01100101
01110010
00010100
11001011
00001110
00100111
00111010
00100011
00111000
00010001
00000010
00111011
10101101
00111001
11010001
11111111
00111001
00011110
01101010
10100010
01001110
01001110
00100101
00110010
01101111
00111111
00001110
01010111
00101010
11111111
00111101
01010010
10000011
10101010
01111011
00011011
01001111
01000001
00000001
00000110
11111111
01010000
00000110
11111111
10010010
01000110
10001001
10000011
00101010
01010011
00100011
00011111
10111011
11111111
11001111
00110101
01010011
00100110
10111110
01110011
00110011
01011100
01101110
00110110
01111000
10101010
01111110
11100111
00110000
10111000
01001111
01110111
10000110
00010100
00100100
01010000
10111001
01001010
11101000
00111001
01111001
01011011
11111111
00010101
11111111
11010111
10100011
01001010
00011100
01100011
00110001
01011000
00001110
00000101
00001011
01100100
10110101
00000001
01010111
01101101
10001001
00001100
00100000
10011000
01001101
01000101
10111000
01111011
00011010
00101100
10100100
10101010
01001010
01101111
10110001
00101001
11001110
10000111
00011011
01101111
00011001
00110101
00101110
00000101
00101110
11100001
00011100
11111111
00100110
01001000
11001001
11111111
00100111
01100100
01100110
10101000
00100011
00100011
10111101
10110111
00000100
01110101
00101001
01010100
11110011
